   15.28   16.07   16.05   13.37 -999.00 -999.00 -999.00 -999.00 -999.00    5.59   10.75   13.33
   17.86   17.31   15.99   13.05 -999.00 -999.00 -999.00 -999.00 -999.00    9.90   13.90   16.20
   18.53   16.76   14.95   11.56 -999.00 -999.00 -999.00 -999.00 -999.00   13.74   16.77   18.17
   17.53   15.36   13.14    9.14 -999.00 -999.00 -999.00 -999.00 -999.00   16.64   18.55   18.61
   15.68   13.19   10.09    7.04 -999.00 -999.00 -999.00 -999.00 -999.00   18.46   18.86   17.64
   13.11   10.71    7.24    5.98 -999.00 -999.00 -999.00 -999.00 -999.00   18.82   17.87   15.65
   10.21    7.59    5.95    6.10 -999.00 -999.00 -999.00 -999.00 -999.00   17.79   15.86   13.06
    7.44    6.08    6.16    9.51 -999.00 -999.00 -999.00 -999.00 -999.00   15.87   13.16   10.60
    5.81    6.21    9.66   13.06 -999.00 -999.00 -999.00 -999.00 -999.00   13.13   10.50    8.41
    5.97    9.71   13.32   15.63 -999.00 -999.00 -999.00 -999.00 -999.00   10.44    8.13    7.15
    9.64   13.31   16.06   17.50 -999.00 -999.00 -999.00 -999.00 -999.00    8.06    7.02    7.52
   13.22   16.00   17.88   18.00 -999.00 -999.00 -999.00 -999.00 -999.00    6.99    7.38   10.51
