   14.88   15.42   14.95   12.66 -999.00 -999.00 -999.00 -999.00 -999.00    5.95    9.88   12.53
   17.01   16.41   15.04   12.24 -999.00 -999.00 -999.00 -999.00 -999.00    9.01   13.29   15.82
   17.46   15.85   13.85   10.72 -999.00 -999.00 -999.00 -999.00 -999.00   13.04   16.36   17.65
   16.56   14.28   12.14    8.82 -999.00 -999.00 -999.00 -999.00 -999.00   16.20   18.03   17.73
   14.57   12.45    9.78    7.27 -999.00 -999.00 -999.00 -999.00 -999.00   17.91   18.03   16.80
   12.33   10.44    7.49    6.09 -999.00 -999.00 -999.00 -999.00 -999.00   17.97   17.04   15.07
    9.90    7.59    6.25    6.07 -999.00 -999.00 -999.00 -999.00 -999.00   17.00   15.25   12.74
    7.47    6.11    6.29    8.71 -999.00 -999.00 -999.00 -999.00 -999.00   15.24   12.81   10.21
    6.06    6.21    8.94   11.99 -999.00 -999.00 -999.00 -999.00 -999.00   12.77   10.06    7.81
    6.13    8.90   12.53   14.56 -999.00 -999.00 -999.00 -999.00 -999.00    9.98    7.25    6.48
    8.83   12.49   15.52   16.31 -999.00 -999.00 -999.00 -999.00 -999.00    6.98    5.90    6.70
   12.35   15.57   17.32   16.57 -999.00 -999.00 -999.00 -999.00 -999.00    5.66    6.33    9.45
