   14.82   15.28   15.44   13.42 -999.00 -999.00 -999.00 -999.00 -999.00    7.34   11.33   13.50
   17.13   16.81   15.70   13.20 -999.00 -999.00 -999.00 -999.00 -999.00   10.86   14.08   16.07
   17.89   16.53   14.81   11.62 -999.00 -999.00 -999.00 -999.00 -999.00   14.04   16.63   17.97
   17.15   15.22   13.18    9.80 -999.00 -999.00 -999.00 -999.00 -999.00   16.52   18.37   18.30
   15.43   13.24   10.75    7.74 -999.00 -999.00 -999.00 -999.00 -999.00   18.29   18.61   17.37
   13.10   11.12    8.37    6.78 -999.00 -999.00 -999.00 -999.00 -999.00   18.56   17.61   15.45
   10.63    8.36    6.96    7.28 -999.00 -999.00 -999.00 -999.00 -999.00   17.56   15.63   13.03
    8.31    6.70    7.53   10.42 -999.00 -999.00 -999.00 -999.00 -999.00   15.63   13.08   10.94
    7.08    7.28   10.58   13.47 -999.00 -999.00 -999.00 -999.00 -999.00   13.02   10.79    8.81
    7.45   10.56   13.66   15.52 -999.00 -999.00 -999.00 -999.00 -999.00   10.65    8.44    7.35
   10.50   13.65   15.92   17.10 -999.00 -999.00 -999.00 -999.00 -999.00    8.09    6.98    7.55
   13.59   15.99   17.56   17.53 -999.00 -999.00 -999.00 -999.00 -999.00    6.59    7.27   10.48
