 -999.00 -999.00 -999.00 -999.00 -999.00 -999.00 -999.00 -999.00 -999.00    8.62   11.08   13.54
 -999.00 -999.00 -999.00 -999.00 -999.00 -999.00 -999.00 -999.00 -999.00   12.35   14.13   16.67
 -999.00 -999.00 -999.00 -999.00 -999.00 -999.00 -999.00 -999.00 -999.00   15.17   17.28   18.88
 -999.00 -999.00 -999.00 -999.00 -999.00 -999.00 -999.00 -999.00 -999.00   17.81   19.25   19.14
 -999.00 -999.00 -999.00 -999.00 -999.00 -999.00 -999.00 -999.00 -999.00   19.60   19.42   17.99
 -999.00 -999.00 -999.00 -999.00 -999.00 -999.00 -999.00 -999.00 -999.00   19.62   18.24   15.97
 -999.00 -999.00 -999.00 -999.00 -999.00 -999.00 -999.00 -999.00 -999.00   18.34   16.19   13.17
 -999.00 -999.00 -999.00 -999.00 -999.00 -999.00 -999.00 -999.00 -999.00   16.29   13.30   10.01
 -999.00 -999.00 -999.00 -999.00 -999.00 -999.00 -999.00 -999.00 -999.00   13.35    9.81    7.27
 -999.00 -999.00 -999.00 -999.00 -999.00 -999.00 -999.00 -999.00 -999.00    9.72    6.97    5.64
 -999.00 -999.00 -999.00 -999.00 -999.00 -999.00 -999.00 -999.00 -999.00    6.86    5.57    5.86
 -999.00 -999.00 -999.00 -999.00 -999.00 -999.00 -999.00 -999.00 -999.00    5.61    5.81    9.58
