   14.78   15.40   15.33   13.19 -999.00 -999.00 -999.00 -999.00 -999.00    7.13   11.13   13.44
   16.88   16.49   15.41   13.01 -999.00 -999.00 -999.00 -999.00 -999.00   10.70   13.93   15.90
   17.51   16.16   14.45   11.44 -999.00 -999.00 -999.00 -999.00 -999.00   13.75   16.35   17.80
   16.78   14.91   12.79    9.94 -999.00 -999.00 -999.00 -999.00 -999.00   16.23   18.07   18.11
   15.19   12.97   10.63    8.05 -999.00 -999.00 -999.00 -999.00 -999.00   17.98   18.35   17.15
   12.87   11.19    8.56    7.20 -999.00 -999.00 -999.00 -999.00 -999.00   18.29   17.35   15.34
   10.71    8.88    7.30    7.50 -999.00 -999.00 -999.00 -999.00 -999.00   17.32   15.49   13.01
    8.71    7.42    7.74   10.35 -999.00 -999.00 -999.00 -999.00 -999.00   15.49   13.06   10.73
    7.43    7.73   10.53   12.94 -999.00 -999.00 -999.00 -999.00 -999.00   13.00   10.62    8.07
    7.64   10.55   13.29   14.99 -999.00 -999.00 -999.00 -999.00 -999.00   10.49    7.81    6.63
   10.47   13.32   15.61   16.57 -999.00 -999.00 -999.00 -999.00 -999.00    7.43    6.33    6.99
   13.19   15.66   17.36   17.03 -999.00 -999.00 -999.00 -999.00 -999.00    6.16    6.80   10.18
