   15.58   18.62   21.73   20.42 -999.00 -999.00 -999.00 -999.00 -999.00    7.92   12.86   16.40
   18.74   21.26   23.40   21.12 -999.00 -999.00 -999.00 -999.00 -999.00   10.25   15.49   19.44
   21.31   22.79   23.69   19.85 -999.00 -999.00 -999.00 -999.00 -999.00   13.27   18.43   21.94
   22.78   22.92   21.91   15.98 -999.00 -999.00 -999.00 -999.00 -999.00   16.56   20.95   23.92
   22.72   21.02   16.95   11.73 -999.00 -999.00 -999.00 -999.00 -999.00   19.29   22.96   25.09
   20.70   15.79   12.00   10.06 -999.00 -999.00 -999.00 -999.00 -999.00   21.44   24.16   24.90
   15.79   10.50   10.18   10.17 -999.00 -999.00 -999.00 -999.00 -999.00   22.75   23.92   22.95
   11.17    8.71   10.32   12.05 -999.00 -999.00 -999.00 -999.00 -999.00   22.58   21.81   18.27
    9.39    8.90   12.18   14.88 -999.00 -999.00 -999.00 -999.00 -999.00   20.38   16.98   13.20
    9.50   10.96   15.01   17.93 -999.00 -999.00 -999.00 -999.00 -999.00   15.33   12.13   11.04
   11.41   13.91   18.12   20.36 -999.00 -999.00 -999.00 -999.00 -999.00   10.52   10.13   11.03
   14.28   17.11   20.65   22.39 -999.00 -999.00 -999.00 -999.00 -999.00    8.66   10.18   12.82
