   18.23   22.35   24.01   22.72 -999.00 -999.00 -999.00 -999.00 -999.00    6.50    9.52   14.66
   21.39   24.66   25.65   23.34 -999.00 -999.00 -999.00 -999.00 -999.00    8.86   13.03   17.63
   23.61   25.98   26.00   22.07 -999.00 -999.00 -999.00 -999.00 -999.00   12.09   16.94   20.11
   24.91   26.15   24.42   17.33 -999.00 -999.00 -999.00 -999.00 -999.00   15.42   20.04   22.12
   24.95   24.39   18.65   12.23 -999.00 -999.00 -999.00 -999.00 -999.00   18.21   22.52   23.23
   23.04   18.23   12.83   10.31 -999.00 -999.00 -999.00 -999.00 -999.00   20.44   24.01   22.81
   16.87   11.91   10.68   10.34 -999.00 -999.00 -999.00 -999.00 -999.00   21.74   23.76   20.42
   11.00    9.77   10.68   12.15 -999.00 -999.00 -999.00 -999.00 -999.00   21.33   21.09   14.62
    8.91    9.76   12.50   14.91 -999.00 -999.00 -999.00 -999.00 -999.00   18.53   14.62    9.90
    8.97   11.63   15.30   17.83 -999.00 -999.00 -999.00 -999.00 -999.00   12.37    9.84    8.19
   10.91   14.47   18.32   20.41 -999.00 -999.00 -999.00 -999.00 -999.00    7.99    8.14    8.08
   13.81   17.54   20.94   22.54 -999.00 -999.00 -999.00 -999.00 -999.00    6.41    7.97    9.35
