      1.614      0.000      0.016      0.003      0.002      1.229      0.000      0.015      0.002      0.002
      1.716      0.000      0.003      0.000      0.002      1.366      0.000      0.003      0.000      0.002
      1.798      0.000      0.006      0.000      0.012      1.469      0.000      0.006      0.000      0.012
      1.869      0.001      0.018      0.000      0.029      1.553      0.001      0.018      0.000      0.029
      1.901      0.017      0.074      0.004      0.302      1.590      0.017      0.074      0.004      0.290
      1.851      0.293      0.183      0.026      1.270      1.529      0.356      0.202      0.029      1.081
      1.550      0.858      0.354      0.070      0.407      1.178      0.911      0.466      0.072      0.345
      1.224      0.316      0.326      0.086      0.075      0.835      0.203      0.396      0.086      0.065
      1.070      0.104      0.151      0.046      0.027      0.700      0.043      0.165      0.039      0.024
      1.047      0.005      0.043      0.008      0.007      0.692      0.001      0.031      0.005      0.005
      1.120      0.000      0.011      0.000      0.003      0.789      0.000      0.010      0.000      0.003
      1.252      0.000      0.004      0.000      0.001      0.960      0.000      0.004      0.000      0.001
