   10.82    5.91    6.87    9.81   14.02   17.41   20.39   22.68   23.40   23.63   19.93   15.07
    5.32    6.34   10.25   15.26   19.45   22.84   25.24   26.63   26.94   25.11   17.20    9.60
    5.08    9.90   14.68   20.03   24.23   27.32   29.11   29.96   28.37   19.38   11.47    4.04
    9.44   13.73   19.25   24.34   28.34   30.85   32.05   30.82   20.33   10.02    3.41    3.66
   14.14   18.45   23.53   28.16   31.52   33.17   31.77   19.80    7.56    2.52    2.61    8.68
   18.51   23.01   27.25   30.91   32.86   31.37   18.41    5.36    1.54    2.11    7.66   13.76
   23.04   26.84   30.00   31.98   30.65   17.25    3.46    0.79    1.78    7.27   12.93   18.99
   26.84   29.68   31.29   29.86   16.38    2.44    0.35    1.56    6.74   12.71   18.70   23.65
   29.64   31.05   29.33   15.93    2.04    0.22    1.50    6.68   12.41   18.53   23.46   27.26
   31.01   29.20   15.57    1.92    0.20    1.50    6.69   12.29   18.31   23.48   27.06   29.92
   29.11   15.40    1.89    0.20    1.51    6.68   12.25   18.21   23.34   27.10   29.72   31.32
   15.31    1.91    0.20    1.51    6.69   12.25   18.15   23.24   27.02   29.73   31.13   29.71
