    2.86    1.55    3.85    7.57   12.38   16.30   19.31   20.99   21.76   21.13   17.49   10.90
    0.90    2.37    7.22   12.83   18.24   21.90   24.03   24.63   24.32   21.39   13.10    5.50
    2.03    5.96   11.98   18.01   22.95   26.06   27.31   27.36   24.93   14.64    7.13    2.46
    5.49   11.13   17.28   22.60   26.87   29.22   29.63   27.58   16.30    5.76    2.17    2.57
   10.71   16.71   22.09   26.30   29.65   31.07   28.68   16.45    4.91    1.08    1.82    6.21
   16.40   21.73   25.91   28.84   30.97   28.91   15.70    3.59    0.46    1.63    5.55   11.40
   21.54   25.64   28.54   30.18   28.51   15.28    2.77    0.25    1.63   20.92   20.99   20.92
   25.50   28.31   29.93   28.05   14.88    2.28    0.20    1.63    5.28   24.58   24.63   24.58
   28.19   29.72   27.87   14.69    2.09    0.21    1.63    5.29   10.84   27.33   27.36   27.36
   29.64   27.73   14.57    2.12    0.20    1.64    5.29   10.79   17.11   27.60   27.49   27.58
   27.64   14.53    2.15    0.20    1.64    5.29   10.78   17.07   21.80   16.45   16.17   16.45
   14.47    2.16    0.20    1.64    5.29   10.78   17.04   20.97   24.39    3.69    3.59    3.69
