   15.71   16.22   15.70   13.77   12.09   10.43    7.87    6.22    4.68    6.23   10.03   12.94
   17.51   16.93   15.31   12.64   10.82    7.95    6.15    5.46    5.52    9.23   13.31   16.05
   17.91   16.17   13.86   11.30    8.69    6.37    5.50    5.91    8.85   13.07   16.38   17.82
   16.96   14.35   11.89    9.10    7.21    5.74    5.97    8.71   12.86   16.23   18.05   17.90
   14.76   12.31    9.40    7.59    6.50    6.12    8.68   12.72   16.08   17.94   18.06   16.96
   12.34    9.72    7.77    6.81    6.78    8.74   12.69   16.01   17.85   17.99   17.07   15.19
    9.80    7.97    6.85    7.09    9.01   12.68   15.99   17.79   17.93   17.02   15.27   12.76
    8.02    7.02    7.14    9.19   12.68   15.97   17.77   17.89   16.99   15.26   12.82   10.22
    7.05    7.24    9.22   12.69   15.98   17.77   17.89   16.98   15.23   12.80   10.04    8.41
    7.26    9.26   12.71   15.98   17.77   17.89   16.98   15.21   12.78    9.97    7.43    7.48
    9.24   12.72   15.98   17.78   17.90   16.98   15.21   12.77    9.95    6.90    6.58    7.54
   12.72   15.99   17.79   17.90   16.98   15.19   12.76    9.94    6.83    5.79    6.86    9.76
