   21.90   24.50   25.99   26.64   26.08   20.42   14.06    8.98    5.86    8.76   12.74   17.70
   24.37   26.55   27.31   26.94   24.28   14.99   10.14    7.33    6.21   10.27   15.37   20.59
   26.25   27.66   27.31   25.51   19.70   11.18    8.52    7.34    7.92   13.14   18.45   22.93
   27.26   27.50   25.45   21.16   15.67    9.42    8.45    8.84   11.06   16.45   20.97   24.76
   26.84   25.41   20.76   16.95   13.67    9.28    9.79   11.80   14.62   19.12   22.95   25.86
   24.62   20.38   16.45   14.85   13.39   10.60   12.59   15.25   17.46   21.23   24.12   25.63
   19.56   15.94   14.33   14.53   14.50   13.36   15.93   18.03   19.72   22.49   23.91   23.63
   15.19   13.85   14.02   15.54   16.90   16.64   18.63   20.25   21.08   22.35   21.73   19.06
   13.15   13.51   15.04   17.76   19.93   19.30   20.79   21.59   20.98   20.12   16.61   14.23
   12.82   14.49   17.27   20.69   22.42   21.43   22.10   21.48   18.76   14.59   12.37   11.95
   13.78   16.70   20.21   23.12   24.39   22.71   21.97   19.29   12.87   10.28   10.73   11.72
   16.01   19.64   22.65   25.05   25.58   22.56   19.79   13.51    8.27    8.86   10.67   13.09
