 -999.00 -999.00 -999.00   24.82   22.92   17.51   11.24    8.79    8.36   11.31   15.16   19.40
 -999.00 -999.00 -999.00   25.30   21.19   11.63    7.02    7.28    8.89   13.75   17.78   22.21
 -999.00 -999.00 -999.00   23.89   15.89    7.61    5.48    7.59   11.29   16.79   20.91   24.82
 -999.00 -999.00 -999.00   18.38   10.98    6.08    5.82    9.88   14.69   20.12   23.70   26.92
 -999.00 -999.00 -999.00   12.84    9.10    6.44    8.24   13.24   18.39   23.06   25.94   28.09
 -999.00 -999.00 -999.00   10.83    9.23    8.88   11.72   16.94   21.57   25.42   27.20   27.66
 -999.00 -999.00 -999.00   10.87   11.30   12.39   15.52   20.13   24.14   26.78   26.78   24.80
 -999.00 -999.00 -999.00   12.75   14.42   16.19   18.77   22.71   25.69   26.40   23.73   18.70
 -999.00 -999.00 -999.00   15.68   18.00   19.45   21.40   24.26   25.44   23.16   17.41   13.95
 -999.00 -999.00 -999.00   19.14   21.13   22.07   22.99   24.01   22.28   16.47   13.01   12.04
 -999.00 -999.00 -999.00   22.19   23.66   23.67   22.76   20.86   15.34   12.07   11.23   11.84
 -999.00 -999.00 -999.00   24.68   25.18   23.44   19.58   13.84   10.73   10.43   11.06   13.44
