   21.28   23.61   25.38   26.64   26.87   21.15   13.79    8.09    6.50    8.55   14.04   17.07
   23.88   25.72   26.77   27.08   25.56   15.49    9.05    6.47    6.99   10.88   16.61   19.73
   25.84   26.91   27.00   25.94   20.80   11.07    7.21    6.82    9.52   14.02   19.46   22.35
   26.96   26.92   25.57   21.19   15.78    9.19    7.43    9.24   12.92   17.28   21.93   24.37
   26.81   25.16   20.54   16.00   13.64    9.31    9.64   12.61   16.38   20.03   23.89   25.51
   24.79   19.91   15.30   13.79   13.59   11.33   12.86   16.06   19.25   22.23   24.94   25.31
   19.22   14.64   13.10   13.72   15.23   14.39   16.24   18.94   21.57   23.50   24.43   23.08
   13.75   12.53   13.05   15.27   17.84   17.65   19.09   21.25   22.95   23.09   21.82   17.15
   11.63   12.45   14.60   17.82   20.78   20.42   21.38   22.61   22.58   20.31   16.23   11.64
   11.56   13.99   17.18   20.73   23.38   22.66   22.72   22.25   19.81   14.25   11.96    9.71
   13.10   16.59   20.13   23.32   25.49   23.96   22.36   19.49   13.49    9.94   10.14    9.72
   15.75   19.58   22.74   25.42   26.71   23.58   19.61   13.12    9.01    8.41    9.85   11.47
