   21.59   23.90   25.97   25.12   22.97   17.75   11.38    8.18    7.40    9.09   13.50   17.25
   24.08   26.23   27.41   25.54   21.56   13.24    7.98    6.88    7.92   11.37   16.01   19.99
   26.27   27.54   27.46   24.41   17.30   10.61    6.78    7.36   10.45   14.31   18.87   22.38
   27.52   27.44   25.99   20.32   13.63    9.44    7.26    9.93   13.64   17.54   21.34   24.29
   27.24   25.69   21.93   16.34   12.16    9.81    9.85   13.19   17.08   20.23   23.32   25.41
   25.13   21.48   17.87   14.78   12.35   12.14   13.13   16.67   19.90   22.36   24.50   25.14
   20.73   17.34   16.29   14.90   14.32   15.26   16.66   19.53   22.15   23.65   24.25   23.03
   16.58   15.77   16.38   16.58   17.14   18.63   19.54   21.79   23.54   23.47   22.12   18.52
   14.96   15.83   17.93   19.14   20.29   21.39   21.81   23.19   23.39   21.27   17.37   13.87
   15.00   17.39   20.39   22.10   22.92   23.59   23.22   23.04   21.20   16.25   12.66   11.81
   16.57   19.88   23.26   24.63   25.04   24.93   23.08   20.85   16.05   11.47   10.65   11.78
   19.10   22.78   25.71   26.66   26.31   24.75   20.90   15.65   11.11    9.62   10.66   13.42
