   20.45   21.89   23.39   24.89   25.02   20.21   13.35    9.16    7.27    8.95   13.43   17.07
   22.84   24.05   24.85   25.47   23.70   15.79    9.08    7.33    7.73   11.26   16.01   19.73
   24.74   25.31   25.06   24.53   19.79   12.14    7.36    7.61   10.19   14.31   18.83   22.35
   25.89   25.31   23.77   20.76   15.39   10.34    7.65    9.93   13.49   17.55   21.58   24.37
   25.70   23.71   19.92   16.29   13.19   10.50    9.92   13.21   16.92   20.59   23.67   25.51
   23.77   19.66   15.51   14.06   13.18   12.53   13.17   16.63   20.11   22.86   24.84   25.31
   19.43   15.21   13.34   14.02   14.96   15.57   16.61   19.82   22.51   24.17   24.63   23.08
   14.83   13.15   13.31   15.66   17.66   18.84   19.82   22.23   23.93   24.05   22.34   17.15
   12.73   13.10   14.94   18.23   20.71   21.92   22.24   23.65   23.85   21.62   16.19   11.64
   12.67   14.70   17.55   21.19   23.66   24.26   23.67   23.58   21.42   15.09   10.64    9.71
   14.23   17.31   20.55   24.09   25.91   25.63   23.60   21.15   14.64    9.72    8.78    9.72
   16.86   20.33   23.48   26.32   27.22   25.53   21.17   14.33    9.13    7.98    8.83   11.47
