    7.98    4.76    6.72   10.48   14.93   18.53   21.76   23.07   24.36   23.61   20.02   14.69
    3.38    4.81   10.18   15.72   20.06   24.07   26.29   26.84   27.10   24.02   16.12    9.11
    4.16    8.99   14.74   20.40   25.07   28.11   29.70   29.67   27.61   18.52    9.45    4.33
    8.91   13.75   19.47   25.07   29.07   31.18   32.16   29.84   20.35    8.72    3.17    3.96
   13.56   18.76   24.23   28.67   31.93   33.11   31.30   20.32    7.08    1.96    2.71    8.58
   18.53   23.78   27.89   31.17   33.44   31.14   19.74    5.41    1.14    2.29    7.79   14.01
   23.64   27.55   30.45   32.59   30.97   19.01    4.22    0.75    2.10    7.61   13.59   18.82
   27.46   30.15   31.92   30.36   18.39    3.68    0.42    1.92    7.23   13.47   18.85   23.41
   30.08   31.66   29.88   18.08    3.43    0.26    1.89    7.11   13.33   18.76   23.44   27.14
   31.60   29.73   17.87    3.37    0.26    1.89    7.12   13.19   18.63   23.48   27.13   29.77
   29.68   17.80    3.39    0.26    1.89    7.12   13.13   18.57   23.38   27.14   29.71   31.22
   17.64    3.37    0.26    1.88    7.13   13.11   18.53   23.31   27.07   29.71   31.13   29.82
