   15.57   16.34   16.42   14.48   12.73   11.06    8.38    6.70    5.49    7.44   11.39   13.83
   17.48   17.18   15.81   13.14   11.56    8.70    6.37    5.78    6.67   10.82   13.99   16.10
   18.05   16.61   14.27   12.01    9.81    7.05    5.60    6.58   10.43   13.79   16.38   17.96
   17.23   14.86   12.32   10.16    8.09    6.30    6.50   10.31   13.59   16.27   18.09   18.26
   15.38   12.61   10.23    8.40    7.20    6.85   10.24   13.51   16.14   18.02   18.37   17.29
   12.98   10.40    8.48    7.45    7.60   10.25   13.49   16.10   17.94   18.33   17.37   15.46
   10.69    8.54    7.49    7.84   10.41   13.48   16.07   17.91   18.27   17.35   15.51   13.10
    8.69    7.54    7.84   10.49   13.48   16.06   17.88   18.21   17.30   15.53   13.09   10.68
    7.58    7.85   10.49   13.49   16.07   17.88   18.22   17.29   15.49   13.03   10.63    7.98
    7.89   10.48   13.50   16.07   17.89   18.23   17.30   15.49   12.98   10.49    7.84    6.78
   10.49   13.50   16.07   17.89   18.24   17.29   15.46   12.98   10.47    7.43    6.57    7.21
   13.51   16.08   17.90   18.24   17.29   15.43   12.98   10.47    7.42    6.30    7.01   10.25
