    7.32    4.52    6.86    9.82   14.23   18.27   20.85   23.06   23.89   23.50   21.00   15.37
    3.22    5.40    9.90   14.93   20.01   23.75   25.70   27.05   26.97   24.79   17.28   10.09
    4.04    9.11   14.19   20.28   25.00   27.92   29.60   30.14   28.20   19.56   11.16    5.10
    8.77   13.34   19.47   25.04   28.82   31.23   32.54   30.97   21.10   10.20    4.33    4.35
   13.20   18.75   24.19   28.62   31.81   33.44   32.51   21.33    7.83    2.55    2.81    9.21
   18.60   23.68   27.76   31.29   33.30   31.93   20.48    5.78    1.35    2.13    8.21   14.44
   23.55   27.34   30.40   32.58   31.24   19.27    4.23    0.82    1.89    7.89   13.71   18.95
   27.21   30.02   31.83   30.71   18.46    3.27    0.41    1.73    7.57   13.38   18.81   23.76
   29.88   31.47   30.14   17.85    2.71    0.25    1.70    7.33   13.15   18.65   23.78   27.54
   31.31   29.84   17.48    2.55    0.24    1.70    7.32   13.02   18.48   23.78   27.48   30.15
   29.73   17.40    2.60    0.23    1.70    7.33   12.96   18.42   23.66   27.48   30.05   31.64
   17.39    2.62    0.23    1.70    7.33   12.95   18.37   23.59   27.42   30.03   31.52   29.62
