    7.77    3.82    6.89   10.61   14.96   18.40   21.30   22.44   22.87   22.75   20.29   14.69
    2.91    4.03   10.20   15.48   20.27   23.78   25.67   26.16   25.97   24.08   16.02    9.11
    3.80    8.53   14.78   20.22   25.06   28.00   29.32   29.17   27.19   18.28    9.38    4.33
    8.49   13.65   19.49   24.69   29.02   31.17   31.99   29.87   19.86    7.82    1.87    3.96
   13.49   18.81   23.97   28.42   31.96   33.21   31.73   20.13    5.97    0.81    1.77    8.58
   18.58   23.49   27.62   31.12   33.46   31.77   19.77    3.97    0.35    1.65    6.99   14.01
   23.36   27.22   30.25   32.54   31.34   19.07    2.84    0.22    1.67    6.71   12.40   18.82
   27.13   29.85   31.69   30.70   18.61    2.25    0.20    1.68    6.60   12.24   17.97   23.41
   29.78   31.33   30.10   18.22    1.95    0.21    1.68    6.60   12.18   17.84   22.69   27.14
   31.25   29.93   18.00    1.82    0.20    1.68    6.60   12.12   17.79   22.67   26.51   29.77
   29.88   17.93    1.82    0.21    1.68    6.61   12.10   17.76   22.63   26.51   29.18   31.22
   17.84    1.80    0.20    1.69    6.61   12.09   17.74   22.60   26.48   29.18   30.23   29.82
