 -999.00 -999.00 -999.00    8.40   13.15   17.08   19.60   22.17   23.03   21.67   20.91   16.43
 -999.00 -999.00 -999.00   13.95   19.06   22.04   24.90   26.18   26.45   22.95   18.25   11.90
 -999.00 -999.00 -999.00   19.29   23.46   26.82   28.89   29.72   27.97   18.43   13.47    6.98
 -999.00 -999.00 -999.00   23.40   27.75   30.63   31.94   30.86   21.60   10.69    7.00    5.29
 -999.00 -999.00 -999.00   27.36   30.99   33.28   31.77   21.44   10.11    4.48    3.90    9.44
 -999.00 -999.00 -999.00   30.18   32.60   31.34   20.10    7.75    3.11    2.73    8.48   14.78
 -999.00 -999.00 -999.00   31.49   30.14   18.91    5.59    1.09    1.68    7.68   13.72   19.50
 -999.00 -999.00 -999.00   29.39   18.00    4.26    0.39    1.48    6.85   13.24   18.94   23.64
 -999.00 -999.00 -999.00   17.54    3.59    0.26    1.48    6.80   12.73   18.44   23.41   27.22
 -999.00 -999.00 -999.00    3.43    0.26    1.48    6.81   12.53   18.08   23.11   26.93   29.85
 -999.00 -999.00 -999.00    0.27    1.48    6.81   12.46   17.92   22.83   26.74   29.53   31.10
 -999.00 -999.00 -999.00    1.49    6.81   12.47   17.85   22.69   26.62   29.37   30.79   29.04
