    5.20    3.00    5.61    9.63   14.15   17.43   20.68   22.37   22.81   21.67   18.53    9.63
    1.39    3.82    9.06   14.73   19.76   22.91   25.24   26.06   25.39   21.79   13.66    3.67
    2.90    7.84   13.76   19.82   24.45   27.03   28.69   28.56   25.44   15.12    5.81    1.21
    7.37   12.75   18.86   24.27   28.37   30.31   30.87   28.11   16.10    5.21    0.75    1.96
   12.29   18.16   23.35   27.92   31.23   31.97   28.90   16.07    3.77    0.29    1.04    5.56
   17.79   22.86   27.06   30.48   31.96   28.66   15.12    2.43    0.26    1.04    5.25   10.71
   22.61   26.68   29.66   31.33   28.16   14.26    1.57    0.20    1.09    5.11   10.73   16.38
   26.47   29.34   30.63   27.86   13.90    1.06    0.18    1.12    5.07   10.66   16.52   21.48
   29.16   30.36   27.38   13.54    0.96    0.19    1.12    5.06   10.63   16.47   21.59   25.45
   30.22   27.23   13.38    0.92    0.19    1.12    5.06   10.59   16.42   21.61   25.51   28.16
   27.17   13.34    0.92    0.19    1.13    5.06   10.57   16.39   21.58   25.54   28.19   29.61
   13.31    0.91    0.19    1.13    5.06   10.56   16.37   21.55   25.53   28.21   29.62   27.61
