   15.49   16.37   15.75   14.34   12.48   10.65    8.48    6.34    4.73    7.05   11.12   13.83
   17.40   17.03   15.31   13.07   11.46    8.26    6.43    5.34    6.15   10.68   14.10   16.10
   17.88   16.37   14.10   11.92    9.57    6.77    5.63    6.16   10.20   13.93   16.93   17.96
   17.02   14.85   12.32   10.03    7.79    6.00    6.45   10.02   13.71   16.82   18.45   18.26
   15.27   12.64   10.30    8.07    6.97    6.62   10.00   13.62   16.69   18.39   18.57   17.29
   12.97   10.39    8.18    7.16    7.39   10.01   13.59   16.63   18.29   18.53   17.45   15.46
   10.66    8.20    7.18    7.58   10.21   13.57   16.60   18.24   18.47   17.41   15.12   13.10
    8.28    7.25    7.60   10.28   13.57   16.59   18.22   18.42   17.37   15.12   12.51   10.68
    7.24    7.62   10.29   13.58   16.59   18.22   18.42   17.35   15.08   12.45    9.79    7.98
    7.61   10.29   13.60   16.60   18.23   18.43   17.34   15.05   12.41    9.70    7.54    6.78
   10.30   13.60   16.61   18.24   18.43   17.35   15.05   12.41    9.66    7.08    6.75    7.21
   13.61   16.61   18.24   18.44   17.35   15.02   12.40    9.63    6.96    5.88    6.87   10.25
