   15.66   16.08   16.50   14.94   12.86   11.12    7.66    5.90    5.40    7.62   11.49   13.99
   17.68   17.38   16.16   13.53   11.42    7.63    5.44    5.21    6.73   10.95   14.14   16.37
   18.38   16.92   14.73   12.05    9.34    5.89    4.94    6.38   10.64   14.08   16.65   18.17
   17.56   15.22   12.44   10.09    7.09    5.47    6.18   10.45   13.92   16.55   18.38   18.48
   15.65   12.75   10.36    7.78    6.48    6.45   10.38   13.81   16.45   18.33   18.62   17.54
   13.04   10.48    8.08    7.03    7.13   10.37   13.79   16.39   18.25   18.60   17.62   15.59
   10.53    8.26    7.25    7.58   10.45   13.77   16.37   18.19   18.53   17.59   15.64   13.08
    8.36    7.32    7.76   10.53   13.77   16.35   18.16   18.48   17.55   15.66   13.09   10.75
    7.35    7.76   10.56   13.78   16.35   18.16   18.48   17.54   15.67   13.06   10.77    8.59
    7.77   10.57   13.79   16.36   18.16   18.49   17.55   15.63   13.03   10.67    8.38    7.42
   10.57   13.79   16.36   18.17   18.49   17.53   15.61   13.02   10.69    8.02    7.14    7.70
   13.80   16.37   18.18   18.51   17.54   15.58   13.01   10.69    8.02    6.58    7.43   10.48
