 -999.00 -999.00 -999.00   14.73   13.17   11.26    7.80    5.99    4.76    8.83   11.20   14.20
 -999.00 -999.00 -999.00   13.81   11.53    7.84    5.75    5.18    5.89   12.39   14.14   16.92
 -999.00 -999.00 -999.00   12.43    9.21    5.63    5.12    5.97    9.99   15.20   17.28   19.03
 -999.00 -999.00 -999.00   10.28    6.73    4.92    5.90    9.85   13.63   17.84   19.26   19.28
 -999.00 -999.00 -999.00    7.39    5.90    5.71    9.80   13.54   16.93   19.63   19.43   18.15
 -999.00 -999.00 -999.00    6.33    6.42    9.79   13.51   16.87   19.05   19.65   18.25   16.10
 -999.00 -999.00 -999.00    6.79    9.90   13.50   16.84   18.99   19.29   18.37   16.20   13.30
 -999.00 -999.00 -999.00   10.01   13.50   16.82   18.98   19.25   18.14   16.31   13.31   10.12
 -999.00 -999.00 -999.00   13.53   16.83   18.98   19.26   18.12   16.13   13.38    9.74    7.47
 -999.00 -999.00 -999.00   16.84   18.97   19.25   18.12   16.12   13.20    9.75    7.13    6.50
 -999.00 -999.00 -999.00   18.99   19.26   18.12   16.13   13.18    9.69    6.87    6.20    6.72
 -999.00 -999.00 -999.00   19.27   18.12   16.11   13.18    9.70    6.85    5.86    6.42    9.72
