   15.89   17.04   16.72   15.49   13.12   10.62    6.98    5.42    3.78    5.79    8.81   13.91
   18.12   17.91   16.26   13.88   11.20    6.79    5.00    4.50    4.95    9.96   12.68   16.50
   18.76   17.15   14.82   11.92    8.72    5.23    4.40    5.10    9.64   13.76   16.07   18.39
   17.81   15.37   12.38    9.25    6.82    4.47    5.04    9.46   13.58   16.66   18.12   18.80
   15.85   12.78    9.63    7.08    6.13    5.06    9.37   13.47   16.54   18.48   18.66   17.84
   13.16    9.91    7.26    6.36    6.44    9.36   13.43   16.47   18.40   18.84   17.72   15.85
   10.12    7.41    6.43    6.65    9.57   13.41   16.45   18.35   18.76   17.81   15.73   13.11
    7.60    6.60    6.74    9.63   13.41   16.42   18.34   18.74   17.78   15.88   13.05   10.54
    6.70    6.84    9.66   13.42   16.43   18.33   18.74   17.76   15.87   13.14   10.42    8.29
    6.92    9.69   13.43   16.44   18.34   18.74   17.78   15.87   13.11   10.45    8.05    7.40
    9.73   13.44   16.44   18.34   18.74   17.79   15.84   13.07   10.44    8.01    7.08    7.79
   13.45   16.45   18.34   18.76   17.80   15.82   13.07   10.41    8.02    6.96    7.48   10.57
