   14.83   15.52   14.92   13.88   12.42   10.60    7.81    5.53    4.57    6.55   10.50   13.38
   16.99   16.41   14.74   13.22   11.51    8.49    6.24    4.92    5.82    9.92   13.51   15.90
   17.35   15.97   13.64   12.08    9.68    6.82    5.46    5.78    9.50   13.22   16.06   17.63
   16.61   14.41   12.24   10.00    8.21    5.89    6.15    9.28   12.99   15.84   17.77   18.11
   14.92   12.40   10.14    8.52    7.24    6.38    9.32   12.89   15.70   17.66   18.18   16.98
   12.60   10.24    8.59    7.59    7.45    9.37   12.86   15.65   17.57   18.11   17.01   14.93
   10.24    8.68    7.70    7.76    9.72   12.85   15.62   17.52   18.06    5.54    5.53    5.54
    8.72    7.75    7.83    9.82   12.88   15.60   17.49   18.03   16.95    4.92    4.92    4.92
    7.71    7.83    9.83   12.90   15.61   17.49   18.03   16.94   14.96    5.73    5.78    5.78
    7.72    9.84   12.91   15.62   17.50   18.03   16.92   14.93   12.65    9.22    9.35    9.28
    9.81   12.92   15.62   17.50   18.03   16.92   14.92   12.64    4.58   12.89   12.95   12.89
   12.92   15.63   17.51   18.04   16.92   14.91   12.63    5.56    5.91   15.61   15.65   15.61
