   22.79   23.83   24.53   24.67   23.16   15.50    9.54    7.14    6.61    8.86   10.11   19.01
   25.31   26.07   26.06   24.93   21.40    9.79    6.19    5.69    7.00   11.14   13.77   21.68
   27.37   27.35   26.09   23.15   16.55    6.41    4.77    5.86    9.44   14.61   17.70   24.14
   28.55   27.16   24.06   18.02   12.42    4.82    4.93    8.21   13.14   18.19   21.08   26.32
   28.19   24.88   18.67   13.59   10.52    5.00    7.26   11.90   16.89   21.35   24.08   27.52
   25.59   19.19   14.07   11.63   10.37    7.35   11.00   15.63   20.19   24.14   25.81   27.15
   19.67   14.47   12.12   11.45   12.10   11.10   14.79   18.92   23.10   25.71   25.72   24.89
   14.92   12.55   11.96   13.08   15.14   14.90   18.12   21.83   24.76   25.51   23.48   20.47
   12.94   12.35   13.55   15.99   18.47   18.22   21.06   23.48   24.62   23.10   18.32   16.34
   12.73   13.90   16.42   19.23   21.50   21.17   22.74   23.32   22.21   17.95   13.82   14.71
   14.23   16.74   19.62   22.19   24.20   22.85   22.58   20.91   16.98   13.59   12.25   14.73
   17.04   19.92   22.56   24.85   25.75   22.68   20.18   15.71   12.46   12.04   12.31   16.30
