   20.86   23.30   24.98   26.69   26.55   19.67   12.15    7.50    5.05    7.50   11.94   16.19
   23.32   25.29   26.33   27.22   25.21   14.80    8.09    6.11    5.62    9.55   14.43   18.88
   25.17   26.46   26.65   25.94   21.04   10.53    6.38    6.42    7.99   12.37   17.24   21.34
   26.32   26.50   25.47   21.70   16.12    8.57    6.52    8.57   11.14   15.53   19.84   23.27
   26.18   25.05   21.26   16.62   13.64    8.66    8.48   11.60   14.57   18.37   21.86   24.42
   24.40   20.87   16.22   13.96   13.46   10.53   11.39   14.94   17.58   20.54   23.08   24.20
   20.07   15.79   13.60   13.71   14.92   13.32   14.68   17.90   19.90    5.05    5.05    5.05
   15.00   13.24   13.37   15.07   17.19   16.49   17.62   20.18   21.43    5.62    5.64    5.62
   12.51   12.99   14.69   17.28   20.00   19.35   19.89   21.67   21.39    7.99    8.04    8.04
   12.27   14.30   16.89   20.04   22.63   21.56   21.38   21.61   19.44   11.15   11.25   11.20
   13.59   16.51   19.66   22.64   24.71   23.00   21.31   19.68    5.07   14.57   14.62   14.57
   15.86   19.30   22.28   24.71   26.02   22.92   19.40    7.55    5.68   17.67   17.71   17.67
