     0.595    -0.145     0.594    -0.013     0.643     0.579    -0.159     0.607    -0.006     0.891
     0.644    -0.098     0.183    -0.004     0.307     0.635    -0.102     0.187    -0.003     0.394
     0.655    -0.080     0.103    -0.003     0.266     0.647    -0.085     0.108    -0.003     0.321
     0.638    -0.061    -0.003    -0.002     0.189     0.632    -0.067     0.003    -0.003     0.221
     0.583    -0.037    -0.155    -0.002     0.013     0.578    -0.043    -0.161    -0.003     0.014
     0.513    -0.036    -0.238    -0.008    -0.474     0.512    -0.041    -0.230    -0.010    -0.571
     0.392    -0.040    -0.503    -0.015    -1.275     0.388    -0.056    -0.599    -0.013    -1.444
     0.300    -0.021    -0.337    -0.009    -0.724     0.267    -0.024    -0.444    -0.005    -0.683
     0.262    -0.016    -0.003    -0.004    -0.285     0.217    -0.019    -0.017    -0.002    -0.228
     0.306    -0.126     0.609    -0.005     0.112     0.269    -0.220     0.789    -0.004     0.161
     0.416    -0.285     0.821    -0.009     0.353     0.403    -0.396     1.090    -0.005     0.470
     0.541    -0.222     0.515    -0.007     0.488     0.535    -0.263     0.564    -0.004     0.590
