   14.01   14.82   14.37   12.92 -999.00 -999.00 -999.00 -999.00 -999.00    6.40   10.42   12.96
   16.36   15.90   14.60   12.74 -999.00 -999.00 -999.00 -999.00 -999.00    9.83   13.48   15.70
   16.75   15.68   13.86   11.36 -999.00 -999.00 -999.00 -999.00 -999.00   13.18   16.05   17.47
   16.05   14.52   12.56    9.97 -999.00 -999.00 -999.00 -999.00 -999.00   15.81   17.77   17.95
   14.69   12.73   10.56    8.02 -999.00 -999.00 -999.00 -999.00 -999.00   17.62   18.18   16.81
   12.56   10.88    8.58    6.74 -999.00 -999.00 -999.00 -999.00 -999.00   18.08   17.01   14.78
   10.17    8.56    7.01    7.04 -999.00 -999.00 -999.00 -999.00 -999.00   16.94   14.98   12.67
    8.08    7.08    7.27    9.55 -999.00 -999.00 -999.00 -999.00 -999.00   14.94   12.72   12.95
    6.82    7.21    9.73   12.22 -999.00 -999.00 -999.00 -999.00 -999.00   12.62   10.48   15.69
    6.90    9.70   12.69   14.81 -999.00 -999.00 -999.00 -999.00 -999.00    6.42   13.56   17.50
    9.52   12.72   15.23   16.73 -999.00 -999.00 -999.00 -999.00 -999.00    9.87   16.08   17.92
   12.43   15.31   17.04   17.29 -999.00 -999.00 -999.00 -999.00 -999.00   13.22   17.82   16.71
