   14.66   15.52   14.98   12.76 -999.00 -999.00 -999.00 -999.00 -999.00    6.78    8.85   13.62
   16.75   16.55   14.97   12.52 -999.00 -999.00 -999.00 -999.00 -999.00   10.60   12.89   16.32
   17.28   16.11   14.09   11.34 -999.00 -999.00 -999.00 -999.00 -999.00   13.88   16.26   18.06
   16.55   14.83   12.69    9.62 -999.00 -999.00 -999.00 -999.00 -999.00   16.77   18.05   18.23
   15.01   12.98   10.79    7.63 -999.00 -999.00 -999.00 -999.00 -999.00   18.35   18.30   17.15
   12.92   11.34    8.15    6.52 -999.00 -999.00 -999.00 -999.00 -999.00   18.49   17.24   14.85
   10.88    8.31    6.91    6.86 -999.00 -999.00 -999.00 -999.00 -999.00   17.37   14.96   12.39
    8.20    6.93    7.28   10.06 -999.00 -999.00 -999.00 -999.00 -999.00   15.08   12.40    9.98
    6.75    7.30   10.33   12.91 -999.00 -999.00 -999.00 -999.00 -999.00   12.41    9.79    7.46
    7.14   10.30   13.39   15.76 -999.00 -999.00 -999.00 -999.00 -999.00    9.65    7.43    5.96
   10.23   13.33   16.23   17.55 -999.00 -999.00 -999.00 -999.00 -999.00    7.07    6.19    6.09
   13.15   16.24   17.83   17.80 -999.00 -999.00 -999.00 -999.00 -999.00    5.81    6.28    8.81
