   18.14   21.76   23.75   22.69 -999.00 -999.00 -999.00 -999.00 -999.00    7.19   12.55   15.76
   20.92   24.06   25.43   23.43 -999.00 -999.00 -999.00 -999.00 -999.00    9.55   15.29   18.76
   23.02   25.43   25.73   22.33 -999.00 -999.00 -999.00 -999.00 -999.00   12.72   18.19   21.56
   24.36   25.62   24.13   18.82 -999.00 -999.00 -999.00 -999.00 -999.00   16.04   21.00   23.68
   24.40   24.02   19.76   14.44 -999.00 -999.00 -999.00 -999.00 -999.00   19.14   23.13   24.89
   22.61   19.33   14.85   12.36 -999.00 -999.00 -999.00 -999.00 -999.00   21.46   24.34   24.75
   18.10   13.86   12.65   12.33 -999.00 -999.00 -999.00 -999.00 -999.00   22.81   24.15   22.58
   13.27   11.66   12.67   14.10 -999.00 -999.00 -999.00 -999.00 -999.00   22.70   21.83   16.40
   11.12   11.65   14.43   16.76 -999.00 -999.00 -999.00 -999.00 -999.00   20.25   15.53   10.67
   11.10   13.43   17.13   19.64 -999.00 -999.00 -999.00 -999.00 -999.00   13.59    9.95    8.63
   12.87   16.17   20.09   22.39 -999.00 -999.00 -999.00 -999.00 -999.00    8.10    8.09    8.72
   15.62   19.18   22.95   24.54 -999.00 -999.00 -999.00 -999.00 -999.00    6.34    8.23   10.71
