   16.54   20.34   21.52   20.36 -999.00 -999.00 -999.00 -999.00 -999.00    6.25   10.42   14.64
   19.48   22.59   23.16   20.80 -999.00 -999.00 -999.00 -999.00 -999.00    7.78   13.11   17.67
   21.61   23.92   23.31   19.24 -999.00 -999.00 -999.00 -999.00 -999.00   10.78   16.24   20.10
   22.85   23.94   21.34   14.82 -999.00 -999.00 -999.00 -999.00 -999.00   14.22   18.80   22.01
   22.65   21.88   15.73   10.71 -999.00 -999.00 -999.00 -999.00 -999.00   16.97   20.83   23.17
   20.47   15.79   11.20    8.83 -999.00 -999.00 -999.00 -999.00 -999.00   19.15   22.03   23.03
   14.66   10.72    9.29    8.64 -999.00 -999.00 -999.00 -999.00 -999.00   20.44   21.83   21.09
   10.06    8.93    9.14    9.89 -999.00 -999.00 -999.00 -999.00 -999.00   20.32   19.66   15.92
    8.33    8.80   10.41   12.47 -999.00 -999.00 -999.00 -999.00 -999.00   18.08   14.19   11.17
    8.21   10.07   13.06   15.43 -999.00 -999.00 -999.00 -999.00 -999.00   12.37    9.64    9.31
    9.48   12.72   16.20   17.84 -999.00 -999.00 -999.00 -999.00 -999.00    7.85    8.01    9.32
   12.12   15.86   18.76   19.84 -999.00 -999.00 -999.00 -999.00 -999.00    6.36    8.13   10.95
