   17.40   21.82   23.40   22.64 -999.00 -999.00 -999.00 -999.00 -999.00    6.65   11.43   14.46
   20.03   23.79   24.74   23.30 -999.00 -999.00 -999.00 -999.00 -999.00    8.72   13.93   17.34
   22.01   25.04   25.05   22.15 -999.00 -999.00 -999.00 -999.00 -999.00   11.57   16.72   19.88
   23.28   25.19   23.57   18.07 -999.00 -999.00 -999.00 -999.00 -999.00   14.74   19.31   21.88
   23.36   23.67   18.80   13.00 -999.00 -999.00 -999.00 -999.00 -999.00   17.58   21.33   23.08
   21.71   18.45   13.34   10.99 -999.00 -999.00 -999.00 -999.00 -999.00   19.76   22.56   22.94
   16.78   12.93   11.14   10.89 -999.00 -999.00 -999.00 -999.00 -999.00   21.15   22.38   21.25
   11.98   10.76   11.06   12.42 -999.00 -999.00 -999.00 -999.00 -999.00   21.04   20.50   14.48
   10.02   10.64   12.57   14.71 -999.00 -999.00 -999.00 -999.00 -999.00   19.10   11.48   17.32
    9.95   12.15   14.95   17.46 -999.00 -999.00 -999.00 -999.00 -999.00    6.70   14.01   19.94
   11.50   14.60   17.78   20.04 -999.00 -999.00 -999.00 -999.00 -999.00    8.75   16.76   21.98
   13.96   17.47   20.42   22.08 -999.00 -999.00 -999.00 -999.00 -999.00   11.61   19.42   23.11
