   16.68   20.78   22.41   21.17 -999.00 -999.00 -999.00 -999.00 -999.00    4.88   10.19   13.57
   19.85   23.28   24.15   21.83 -999.00 -999.00 -999.00 -999.00 -999.00    7.24   13.03   16.60
   22.29   24.76   24.36   20.04 -999.00 -999.00 -999.00 -999.00 -999.00   10.86   16.18   19.32
   23.70   24.81   22.00   14.90 -999.00 -999.00 -999.00 -999.00 -999.00   14.55   19.03   21.72
   23.56   22.50   15.43   10.24 -999.00 -999.00 -999.00 -999.00 -999.00   17.79   21.54   23.05
   21.00   15.67   10.25    8.26 -999.00 -999.00 -999.00 -999.00 -999.00   20.64   22.94   22.77
   14.34    9.81    8.29    8.12 -999.00 -999.00 -999.00 -999.00 -999.00   22.25   22.63   20.69
    9.05    7.81    8.21    9.96 -999.00 -999.00 -999.00 -999.00 -999.00   22.07   20.27   15.95
    7.12    7.71   10.13   13.14 -999.00 -999.00 -999.00 -999.00 -999.00   19.64   15.31   11.35
    7.05    9.65   13.38   16.45 -999.00 -999.00 -999.00 -999.00 -999.00   14.41   10.86    9.52
    9.06   12.93   16.80   19.44 -999.00 -999.00 -999.00 -999.00 -999.00    9.87    9.17    9.61
   12.41   16.35   19.86   22.12 -999.00 -999.00 -999.00 -999.00 -999.00    8.24    9.28   11.48
